[((0, 0, 0, 4, 4, 4, 4, 4), (3, 3, 4, 0, 1, 2, 3, 4)), ((0, 1, 2, 2, 3, 4, 4, 4), (1, 3, 0, 2, 3, 1, 2, 3)), ((0, 1, 1, 1, 2, 3, 3, 4), (2, 0, 2, 4, 1, 3, 3, 0)), ((0, 0, 0, 1, 3, 3, 4, 4), (3, 3, 3, 2, 0, 4, 1, 4)), ((0, 1, 2, 3, 3, 3, 4, 4), (3, 3, 0, 1, 1, 2, 1, 4)), ((0, 0, 1, 1, 1, 4, 4, 4), (3, 3, 2, 2, 4, 0, 2, 4)), ((0, 0, 1, 2, 2, 2, 4, 4), (4, 4, 4, 0, 1, 4, 4, 4)), ((0, 1, 1, 2, 2, 2, 3, 4), (4, 2, 2, 0, 3, 4, 3, 2)), ((0, 0, 2, 2, 2, 3, 3, 3), (4, 4, 0, 2, 4, 0, 2, 4)), ((0, 0, 1, 3, 4, 4, 4, 4), (1, 3, 0, 4, 1, 3, 4, 4)), ((0, 1, 1, 3, 3, 4, 4, 4), (1, 0, 1, 1, 4, 0, 1, 2)), ((0, 0, 0, 1, 3, 3, 4, 4), (1, 3, 4, 1, 1, 4, 0, 1))]
[0, 5, ((0, 0, 0, 4, 4, 4, 4, 4), (3, 3, 4, 0, 1, 2, 3, 4)), 11*t^4 + 11*t^3 + t^2 + t + 1, 20*X^7 + 4*X^5 + 1, ' ']
[1, 5, ((0, 1, 2, 2, 3, 4, 4, 4), (1, 3, 0, 2, 3, 1, 2, 3)), 8*t^4 + 16*t^3 + 1, 16*X^7 + 8*X^6 + 1, ' ']
[2, 5, ((0, 1, 1, 1, 2, 3, 3, 4), (2, 0, 2, 4, 1, 3, 3, 0)), t^5 + 7*t^4 + 15*t^3 + t^2 + 1, 16*X^7 + 8*X^6 + 1, ' ']
[3, 5, ((0, 0, 0, 1, 3, 3, 4, 4), (3, 3, 3, 2, 0, 4, 1, 4)), 2*t^5 + 8*t^4 + 10*t^3 + 4*t^2 + 1, 20*X^7 + 4*X^5 + 1, ' ']
[4, 5, ((0, 1, 2, 3, 3, 3, 4, 4), (3, 3, 0, 1, 1, 2, 1, 4)), 11*t^4 + 10*t^3 + 3*t^2 + 1, 16*X^7 + 8*X^6 + 1, ' ']
[5, 5, ((0, 0, 1, 1, 1, 4, 4, 4), (3, 3, 2, 2, 4, 0, 2, 4)), 2*t^5 + 6*t^4 + 14*t^3 + 2*t^2 + 1, 16*X^7 + 8*X^6 + 1, ' ']
[6, 5, ((0, 0, 1, 2, 2, 2, 4, 4), (4, 4, 4, 0, 1, 4, 4, 4)), t^5 + 9*t^4 + 11*t^3 + 3*t^2 + 1, 16*X^7 + 8*X^6 + 1, ' ']
[7, 5, ((0, 1, 1, 2, 2, 2, 3, 4), (4, 2, 2, 0, 3, 4, 3, 2)), t^5 + 9*t^4 + 11*t^3 + 3*t^2 + 1, 20*X^7 + 4*X^5 + 1, ' ']
[8, 5, ((0, 0, 2, 2, 2, 3, 3, 3), (4, 4, 0, 2, 4, 0, 2, 4)), 10*t^4 + 12*t^3 + 2*t^2 + 1, 16*X^7 + 8*X^6 + 1, ' ']
[9, 5, ((0, 0, 1, 3, 4, 4, 4, 4), (1, 3, 0, 4, 1, 3, 4, 4)), t^5 + 8*t^4 + 13*t^3 + 2*t^2 + 1, 16*X^7 + 8*X^6 + 1, ' ']
[10, 5, ((0, 1, 1, 3, 3, 4, 4, 4), (1, 0, 1, 1, 4, 0, 1, 2)), 9*t^4 + 14*t^3 + t^2 + 1, 16*X^7 + 8*X^6 + 1, ' ']
[11, 5, ((0, 0, 0, 1, 3, 3, 4, 4), (1, 3, 4, 1, 1, 4, 0, 1)), 10*t^4 + 12*t^3 + 2*t^2 + 1, 20*X^7 + 4*X^5 + 1, ' ']
