[((0, 0, 0, 1, 1, 1, 1, 1, 1), (1, 1, 1, 0, 0, 0, 1, 1, 1)), ((0, 1, 1, 1, 1, 1, 1, 1, 1), (1, 0, 1, 1, 1, 1, 1, 1, 1)), ((0, 0, 0, 1, 1, 1, 1, 1, 1), (1, 1, 1, 0, 1, 1, 1, 1, 1)), ((0, 1, 1, 1, 1, 1, 1, 1, 1), (1, 0, 1, 1, 1, 1, 1, 1, 1), (1, 0, 0, 0, 0, 0, 0, 0, 1)), ((0, 0, 0, 1, 1, 1, 1, 1, 1), (1, 1, 1, 0, 1, 1, 1, 1, 1), (0, 1, 1, 0, 0, 0, 0, 1, 1)), ((0, 0, 0, 1, 1, 1, 1, 1, 1), (1, 1, 1, 0, 0, 0, 1, 1, 1), (0, 0, 1, 0, 0, 1, 0, 1, 1)), ((0, 0, 0, 1, 1, 1, 1, 1, 1), (1, 1, 1, 0, 0, 0, 1, 1, 1), (0, 0, 0, 0, 0, 0, 0, 1, 1)), ((0, 0, 0, 1, 1, 1, 1, 1, 1), (1, 1, 1, 0, 1, 1, 1, 1, 1), (0, 1, 1, 1, 1, 1, 1, 1, 1)), ((0, 1, 1, 1, 1, 1, 1, 1, 1), (1, 0, 1, 1, 1, 1, 1, 1, 1), (1, 0, 0, 0, 0, 0, 1, 1, 1)), ((0, 0, 0, 1, 1, 1, 1, 1, 1), (1, 1, 1, 0, 0, 0, 1, 1, 1), (0, 0, 1, 0, 0, 1, 0, 0, 0)), ((0, 0, 0, 1, 1, 1, 1, 1, 1), (1, 1, 1, 0, 0, 0, 1, 1, 1), (0, 0, 1, 0, 0, 1, 0, 1, 1), (0, 1, 1, 0, 1, 0, 0, 0, 1)), ((0, 0, 0, 1, 1, 1, 1, 1, 1), (1, 1, 1, 0, 1, 1, 1, 1, 1), (0, 1, 1, 1, 1, 1, 1, 1, 1), (0, 0, 1, 0, 0, 0, 0, 0, 1)), ((0, 0, 0, 1, 1, 1, 1, 1, 1), (1, 1, 1, 0, 1, 1, 1, 1, 1), (0, 1, 1, 0, 0, 0, 0, 1, 1), (1, 0, 1, 0, 0, 0, 1, 0, 1)), ((0, 0, 0, 1, 1, 1, 1, 1, 1), (1, 1, 1, 0, 0, 0, 1, 1, 1), (0, 0, 0, 0, 0, 0, 0, 1, 1), (0, 0, 0, 1, 1, 1, 0, 0, 1)), ((0, 1, 1, 1, 1, 1, 1, 1, 1), (1, 0, 1, 1, 1, 1, 1, 1, 1), (1, 0, 0, 0, 0, 0, 0, 0, 1), (0, 0, 0, 0, 0, 0, 1, 1, 0)), ((0, 0, 0, 1, 1, 1, 1, 1, 1), (1, 1, 1, 0, 1, 1, 1, 1, 1), (0, 1, 1, 0, 0, 0, 0, 1, 1), (0, 1, 1, 0, 0, 1, 1, 0, 0)), ((0, 0, 0, 1, 1, 1, 1, 1, 1), (1, 1, 1, 0, 0, 0, 1, 1, 1), (0, 0, 1, 0, 0, 1, 0, 0, 0), (0, 0, 1, 0, 1, 1, 0, 0, 1)), ((0, 0, 0, 1, 1, 1, 1, 1, 1), (1, 1, 1, 0, 0, 0, 1, 1, 1), (0, 0, 1, 0, 0, 1, 0, 1, 1), (0, 1, 0, 1, 1, 1, 1, 0, 1)), ((0, 1, 1, 1, 1, 1, 1, 1, 1), (1, 0, 1, 1, 1, 1, 1, 1, 1), (1, 0, 0, 0, 0, 0, 0, 0, 1), (1, 0, 0, 0, 0, 0, 0, 1, 0)), ((0, 0, 0, 1, 1, 1, 1, 1, 1), (1, 1, 1, 0, 0, 0, 1, 1, 1), (0, 0, 1, 0, 0, 1, 0, 0, 0), (1, 1, 0, 1, 1, 1, 1, 1, 1)), ((0, 0, 0, 1, 1, 1, 1, 1, 1), (1, 1, 1, 0, 1, 1, 1, 1, 1), (0, 1, 1, 0, 0, 0, 0, 1, 1), (1, 0, 1, 0, 0, 0, 0, 1, 1)), ((0, 0, 0, 1, 1, 1, 1, 1, 1), (1, 1, 1, 0, 0, 0, 1, 1, 1), (0, 0, 1, 0, 0, 1, 0, 0, 0), (0, 1, 0, 1, 1, 0, 1, 1, 1)), ((0, 0, 0, 1, 1, 1, 1, 1, 1), (1, 1, 1, 0, 0, 0, 1, 1, 1), (0, 0, 1, 0, 0, 1, 0, 0, 0), (1, 1, 1, 1, 1, 0, 0, 0, 1)), ((0, 0, 0, 1, 1, 1, 1, 1, 1), (1, 1, 1, 0, 0, 0, 1, 1, 1), (0, 0, 1, 0, 0, 1, 0, 1, 1), (0, 0, 1, 1, 1, 1, 0, 0, 0)), ((0, 0, 0, 1, 1, 1, 1, 1, 1), (1, 1, 1, 0, 0, 0, 1, 1, 1), (0, 0, 0, 0, 0, 0, 0, 1, 1), (0, 0, 1, 0, 1, 1, 0, 0, 1))]
[0, 2, ((0, 0, 0, 1, 1, 1, 1, 1, 1), (1, 1, 1, 0, 0, 0, 1, 1, 1)), 3*t^3 + 1, 3*X^6 + 1, '   ']
[1, 2, ((0, 1, 1, 1, 1, 1, 1, 1, 1), (1, 0, 1, 1, 1, 1, 1, 1, 1)), 2*t^4 + t + 1, 2*X^8 + X^2 + 1, '   ']
[2, 2, ((0, 0, 0, 1, 1, 1, 1, 1, 1), (1, 1, 1, 0, 1, 1, 1, 1, 1)), t^4 + t^3 + t^2 + 1, X^8 + X^6 + X^4 + 1, '   ']
[3, 2, ((0, 1, 1, 1, 1, 1, 1, 1, 1), (1, 0, 1, 1, 1, 1, 1, 1, 1), (1, 0, 0, 0, 0, 0, 0, 0, 1)), 3*t^4 + t^3 + 3*t + 1, 3*X^8 + X^6 + 3*X^2 + 1, 'FREE JOIN likely']
[4, 2, ((0, 0, 0, 1, 1, 1, 1, 1, 1), (1, 1, 1, 0, 1, 1, 1, 1, 1), (0, 1, 1, 0, 0, 0, 0, 1, 1)), t^4 + 2*t^3 + 4*t^2 + 1, X^8 + 2*X^6 + 4*X^4 + 1, '   ']
[5, 2, ((0, 0, 0, 1, 1, 1, 1, 1, 1), (1, 1, 1, 0, 0, 0, 1, 1, 1), (0, 0, 1, 0, 0, 1, 0, 1, 1)), 4*t^3 + 3*t^2 + 1, 4*X^6 + 3*X^4 + 1, 'FREE JOIN likely']
[6, 2, ((0, 0, 0, 1, 1, 1, 1, 1, 1), (1, 1, 1, 0, 0, 0, 1, 1, 1), (0, 0, 0, 0, 0, 0, 0, 1, 1)), t^4 + 3*t^3 + 2*t^2 + t + 1, X^8 + 3*X^6 + 2*X^4 + X^2 + 1, 'FREE JOIN likely']
[7, 2, ((0, 0, 0, 1, 1, 1, 1, 1, 1), (1, 1, 1, 0, 1, 1, 1, 1, 1), (0, 1, 1, 1, 1, 1, 1, 1, 1)), 2*t^4 + 2*t^3 + t^2 + 2*t + 1, 2*X^8 + 2*X^6 + X^4 + 2*X^2 + 1, 'FREE JOIN likely']
[8, 2, ((0, 1, 1, 1, 1, 1, 1, 1, 1), (1, 0, 1, 1, 1, 1, 1, 1, 1), (1, 0, 0, 0, 0, 0, 1, 1, 1)), 2*t^4 + t^3 + 3*t^2 + t + 1, 2*X^8 + X^6 + 3*X^4 + X^2 + 1, 'FREE JOIN likely']
[9, 2, ((0, 0, 0, 1, 1, 1, 1, 1, 1), (1, 1, 1, 0, 0, 0, 1, 1, 1), (0, 0, 1, 0, 0, 1, 0, 0, 0)), 5*t^3 + t^2 + t + 1, 5*X^6 + X^4 + X^2 + 1, '   ']
[10, 2, ((0, 0, 0, 1, 1, 1, 1, 1, 1), (1, 1, 1, 0, 0, 0, 1, 1, 1), (0, 0, 1, 0, 0, 1, 0, 1, 1), (0, 1, 1, 0, 1, 0, 0, 0, 1)), 6*t^3 + 9*t^2 + 1, 6*X^6 + 9*X^4 + 1, '   ']
[11, 2, ((0, 0, 0, 1, 1, 1, 1, 1, 1), (1, 1, 1, 0, 1, 1, 1, 1, 1), (0, 1, 1, 1, 1, 1, 1, 1, 1), (0, 0, 1, 0, 0, 0, 0, 0, 1)), 2*t^4 + 6*t^3 + 3*t^2 + 4*t + 1, 2*X^8 + 6*X^6 + 3*X^4 + 4*X^2 + 1, '   ']
[12, 2, ((0, 0, 0, 1, 1, 1, 1, 1, 1), (1, 1, 1, 0, 1, 1, 1, 1, 1), (0, 1, 1, 0, 0, 0, 0, 1, 1), (1, 0, 1, 0, 0, 0, 1, 0, 1)), t^4 + 4*t^3 + 10*t^2 + 1, X^8 + 4*X^6 + 10*X^4 + 1, '   ']
[13, 2, ((0, 0, 0, 1, 1, 1, 1, 1, 1), (1, 1, 1, 0, 0, 0, 1, 1, 1), (0, 0, 0, 0, 0, 0, 0, 1, 1), (0, 0, 0, 1, 1, 1, 0, 0, 1)), 3*t^4 + 3*t^3 + 6*t^2 + 3*t + 1, 3*X^8 + 3*X^6 + 6*X^4 + 3*X^2 + 1, '   ']
[14, 2, ((0, 1, 1, 1, 1, 1, 1, 1, 1), (1, 0, 1, 1, 1, 1, 1, 1, 1), (1, 0, 0, 0, 0, 0, 0, 0, 1), (0, 0, 0, 0, 0, 0, 1, 1, 0)), 3*t^4 + 4*t^3 + 4*t^2 + 4*t + 1, 3*X^8 + 4*X^6 + 4*X^4 + 4*X^2 + 1, 'FREE JOIN likely']
[15, 2, ((0, 0, 0, 1, 1, 1, 1, 1, 1), (1, 1, 1, 0, 1, 1, 1, 1, 1), (0, 1, 1, 0, 0, 0, 0, 1, 1), (0, 1, 1, 0, 0, 1, 1, 0, 0)), 2*t^4 + 3*t^3 + 9*t^2 + t + 1, 2*X^8 + 3*X^6 + 9*X^4 + X^2 + 1, '   ']
[16, 2, ((0, 0, 0, 1, 1, 1, 1, 1, 1), (1, 1, 1, 0, 0, 0, 1, 1, 1), (0, 0, 1, 0, 0, 1, 0, 0, 0), (0, 0, 1, 0, 1, 1, 0, 0, 1)), 8*t^3 + 5*t^2 + 2*t + 1, 8*X^6 + 5*X^4 + 2*X^2 + 1, '   ']
[17, 2, ((0, 0, 0, 1, 1, 1, 1, 1, 1), (1, 1, 1, 0, 0, 0, 1, 1, 1), (0, 0, 1, 0, 0, 1, 0, 1, 1), (0, 1, 0, 1, 1, 1, 1, 0, 1)), 7*t^3 + 7*t^2 + t + 1, 7*X^6 + 7*X^4 + X^2 + 1, 'FREE JOIN likely']
[18, 2, ((0, 1, 1, 1, 1, 1, 1, 1, 1), (1, 0, 1, 1, 1, 1, 1, 1, 1), (1, 0, 0, 0, 0, 0, 0, 0, 1), (1, 0, 0, 0, 0, 0, 0, 1, 0)), 4*t^4 + 4*t^3 + t^2 + 6*t + 1, 4*X^8 + 4*X^6 + X^4 + 6*X^2 + 1, '   ']
[19, 2, ((0, 0, 0, 1, 1, 1, 1, 1, 1), (1, 1, 1, 0, 0, 0, 1, 1, 1), (0, 0, 1, 0, 0, 1, 0, 0, 0), (1, 1, 0, 1, 1, 1, 1, 1, 1)), 2*t^4 + 5*t^3 + 5*t^2 + 3*t + 1, 2*X^8 + 5*X^6 + 5*X^4 + 3*X^2 + 1, 'FREE JOIN likely']
[20, 2, ((0, 0, 0, 1, 1, 1, 1, 1, 1), (1, 1, 1, 0, 1, 1, 1, 1, 1), (0, 1, 1, 0, 0, 0, 0, 1, 1), (1, 0, 1, 0, 0, 0, 0, 1, 1)), 2*t^4 + 4*t^3 + 7*t^2 + 2*t + 1, 2*X^8 + 4*X^6 + 7*X^4 + 2*X^2 + 1, '   ']
[21, 2, ((0, 0, 0, 1, 1, 1, 1, 1, 1), (1, 1, 1, 0, 0, 0, 1, 1, 1), (0, 0, 1, 0, 0, 1, 0, 0, 0), (0, 1, 0, 1, 1, 0, 1, 1, 1)), t^4 + 7*t^3 + 4*t^2 + 3*t + 1, X^8 + 7*X^6 + 4*X^4 + 3*X^2 + 1, '   ']
[22, 2, ((0, 0, 0, 1, 1, 1, 1, 1, 1), (1, 1, 1, 0, 0, 0, 1, 1, 1), (0, 0, 1, 0, 0, 1, 0, 0, 0), (1, 1, 1, 1, 1, 0, 0, 0, 1)), 9*t^3 + 3*t^2 + 3*t + 1, 9*X^6 + 3*X^4 + 3*X^2 + 1, 'FREE JOIN likely']
[23, 2, ((0, 0, 0, 1, 1, 1, 1, 1, 1), (1, 1, 1, 0, 0, 0, 1, 1, 1), (0, 0, 1, 0, 0, 1, 0, 1, 1), (0, 0, 1, 1, 1, 1, 0, 0, 0)), t^4 + 6*t^3 + 6*t^2 + 2*t + 1, X^8 + 6*X^6 + 6*X^4 + 2*X^2 + 1, 'FREE JOIN likely']
[24, 2, ((0, 0, 0, 1, 1, 1, 1, 1, 1), (1, 1, 1, 0, 0, 0, 1, 1, 1), (0, 0, 0, 0, 0, 0, 0, 1, 1), (0, 0, 1, 0, 1, 1, 0, 0, 1)), t^4 + 5*t^3 + 8*t^2 + t + 1, X^8 + 5*X^6 + 8*X^4 + X^2 + 1, '   ']
[((0, 0, 0, 1, 1, 1, 1, 1, 1), (1, 1, 1, 0, 0, 0, 1, 1, 1)), ((0, 1, 1, 1, 1, 1, 1, 1, 1), (1, 0, 1, 1, 1, 1, 1, 1, 1)), ((0, 0, 0, 1, 1, 1, 1, 1, 1), (1, 1, 1, 0, 1, 1, 1, 1, 1)), ((0, 1, 1, 1, 1, 1, 1, 1, 1), (1, 0, 1, 1, 1, 1, 1, 1, 1), (1, 0, 0, 0, 0, 0, 0, 0, 1)), ((0, 0, 0, 1, 1, 1, 1, 1, 1), (1, 1, 1, 0, 1, 1, 1, 1, 1), (0, 1, 1, 0, 0, 0, 0, 1, 1)), ((0, 0, 0, 1, 1, 1, 1, 1, 1), (1, 1, 1, 0, 0, 0, 1, 1, 1), (0, 0, 1, 0, 0, 1, 0, 1, 1)), ((0, 0, 0, 1, 1, 1, 1, 1, 1), (1, 1, 1, 0, 0, 0, 1, 1, 1), (0, 0, 0, 0, 0, 0, 0, 1, 1)), ((0, 0, 0, 1, 1, 1, 1, 1, 1), (1, 1, 1, 0, 1, 1, 1, 1, 1), (0, 1, 1, 1, 1, 1, 1, 1, 1)), ((0, 1, 1, 1, 1, 1, 1, 1, 1), (1, 0, 1, 1, 1, 1, 1, 1, 1), (1, 0, 0, 0, 0, 0, 1, 1, 1)), ((0, 0, 0, 1, 1, 1, 1, 1, 1), (1, 1, 1, 0, 0, 0, 1, 1, 1), (0, 0, 1, 0, 0, 1, 0, 0, 0))]
