[((0, 0, 1, 1, 1, 2, 2, 2), (1, 2, 0, 1, 2, 0, 1, 2)), ((0, 0, 1, 1, 1, 2, 2, 2), (2, 2, 1, 1, 2, 0, 0, 1)), ((0, 0, 2, 2, 2, 2, 2, 2), (1, 2, 0, 0, 0, 0, 1, 2)), ((0, 1, 1, 1, 1, 1, 2, 2), (1, 0, 2, 2, 2, 2, 1, 2)), ((0, 1, 1, 2, 2, 2, 2, 2), (1, 0, 1, 0, 1, 2, 2, 2)), ((0, 0, 2, 2, 2, 2, 2, 2), (2, 2, 0, 0, 1, 1, 1, 2)), ((0, 0, 0, 1, 2, 2, 2, 2), (1, 2, 2, 0, 1, 2, 2, 2)), ((0, 0, 1, 1, 1, 2, 2, 2), (1, 2, 0, 2, 2, 1, 2, 2)), ((0, 0, 0, 1, 2, 2, 2, 2), (1, 2, 2, 0, 1, 2, 2, 2), (1, 1, 1, 2, 1, 0, 1, 2)), ((0, 0, 0, 1, 2, 2, 2, 2), (1, 2, 2, 0, 1, 2, 2, 2), (1, 0, 1, 0, 1, 0, 1, 2)), ((0, 1, 1, 2, 2, 2, 2, 2), (1, 0, 1, 0, 1, 2, 2, 2), (1, 0, 1, 0, 1, 0, 0, 0)), ((0, 0, 1, 1, 1, 2, 2, 2), (2, 2, 1, 1, 2, 0, 0, 1), (0, 1, 2, 2, 0, 0, 1, 0)), ((0, 0, 0, 1, 2, 2, 2, 2), (1, 2, 2, 0, 1, 2, 2, 2), (0, 1, 1, 2, 1, 0, 0, 1)), ((0, 0, 1, 1, 1, 2, 2, 2), (1, 2, 0, 2, 2, 1, 2, 2), (2, 0, 1, 0, 2, 1, 0, 0)), ((0, 0, 1, 1, 1, 2, 2, 2), (1, 2, 0, 2, 2, 1, 2, 2), (0, 0, 2, 0, 1, 1, 1, 1)), ((0, 0, 0, 1, 2, 2, 2, 2), (1, 2, 2, 0, 1, 2, 2, 2), (1, 0, 0, 2, 2, 0, 0, 1)), ((0, 0, 1, 1, 1, 2, 2, 2), (1, 2, 0, 2, 2, 1, 2, 2), (2, 2, 0, 1, 1, 0, 1, 2)), ((0, 0, 2, 2, 2, 2, 2, 2), (1, 2, 0, 0, 0, 0, 1, 2), (1, 0, 0, 0, 1, 2, 1, 1)), ((0, 0, 1, 1, 1, 2, 2, 2), (1, 2, 0, 2, 2, 1, 2, 2), (0, 1, 1, 0, 2, 0, 0, 2)), ((0, 0, 1, 1, 1, 2, 2, 2), (1, 2, 0, 1, 2, 0, 1, 2), (0, 1, 1, 0, 0, 0, 1, 0)), ((0, 0, 2, 2, 2, 2, 2, 2), (2, 2, 0, 0, 1, 1, 1, 2), (0, 2, 0, 2, 2, 2, 2, 2)), ((0, 1, 1, 1, 1, 1, 2, 2), (1, 0, 2, 2, 2, 2, 1, 2), (1, 0, 1, 1, 1, 2, 0, 0)), ((0, 0, 1, 1, 1, 2, 2, 2), (1, 2, 0, 2, 2, 1, 2, 2), (0, 2, 1, 2, 2, 0, 1, 1)), ((0, 1, 1, 2, 2, 2, 2, 2), (1, 0, 1, 0, 1, 2, 2, 2), (2, 2, 2, 0, 2, 1, 1, 2)), ((0, 0, 1, 1, 1, 2, 2, 2), (1, 2, 0, 2, 2, 1, 2, 2), (0, 1, 0, 0, 0, 0, 0, 2)), ((0, 0, 0, 1, 2, 2, 2, 2), (1, 2, 2, 0, 1, 2, 2, 2), (0, 0, 2, 0, 1, 2, 2, 2)), ((0, 0, 1, 1, 1, 2, 2, 2), (1, 2, 0, 1, 2, 0, 1, 2), (0, 2, 1, 0, 1, 0, 0, 2)), ((0, 0, 1, 1, 1, 2, 2, 2), (2, 2, 1, 1, 2, 0, 0, 1), (0, 0, 0, 1, 0, 0, 1, 1)), ((0, 0, 2, 2, 2, 2, 2, 2), (2, 2, 0, 0, 1, 1, 1, 2), (0, 0, 0, 1, 0, 0, 2, 0)), ((0, 0, 1, 1, 1, 2, 2, 2), (2, 2, 1, 1, 2, 0, 0, 1), (0, 1, 0, 0, 0, 2, 2, 1)), ((0, 0, 1, 1, 1, 2, 2, 2), (1, 2, 0, 1, 2, 0, 1, 2), (2, 1, 2, 0, 1, 1, 1, 1)), ((0, 1, 1, 2, 2, 2, 2, 2), (1, 0, 1, 0, 1, 2, 2, 2), (2, 2, 2, 0, 2, 0, 0, 1)), ((0, 1, 1, 1, 1, 1, 2, 2), (1, 0, 2, 2, 2, 2, 1, 2), (0, 2, 0, 1, 1, 2, 2, 1)), ((0, 0, 1, 1, 1, 2, 2, 2), (1, 2, 0, 2, 2, 1, 2, 2), (1, 0, 0, 0, 2, 1, 0, 2)), ((0, 0, 1, 1, 1, 2, 2, 2), (1, 2, 0, 1, 2, 0, 1, 2), (1, 2, 0, 1, 2, 2, 2, 2)), ((0, 0, 1, 1, 1, 2, 2, 2), (1, 2, 0, 2, 2, 1, 2, 2), (1, 0, 0, 0, 2, 1, 0, 2), (1, 1, 0, 1, 2, 2, 1, 1)), ((0, 0, 1, 1, 1, 2, 2, 2), (1, 2, 0, 1, 2, 0, 1, 2), (0, 1, 1, 0, 0, 0, 1, 0), (2, 1, 2, 2, 1, 0, 0, 1)), ((0, 0, 1, 1, 1, 2, 2, 2), (2, 2, 1, 1, 2, 0, 0, 1), (0, 1, 2, 2, 0, 0, 1, 0), (1, 2, 0, 1, 2, 0, 2, 1)), ((0, 0, 1, 1, 1, 2, 2, 2), (1, 2, 0, 2, 2, 1, 2, 2), (0, 1, 0, 0, 0, 0, 0, 2), (2, 0, 0, 1, 1, 1, 1, 0)), ((0, 0, 1, 1, 1, 2, 2, 2), (1, 2, 0, 2, 2, 1, 2, 2), (0, 1, 1, 0, 2, 0, 0, 2), (0, 1, 2, 0, 0, 0, 2, 1)), ((0, 0, 1, 1, 1, 2, 2, 2), (1, 2, 0, 2, 2, 1, 2, 2), (0, 1, 0, 0, 0, 0, 0, 2), (2, 2, 0, 0, 0, 2, 1, 2)), ((0, 0, 0, 1, 2, 2, 2, 2), (1, 2, 2, 0, 1, 2, 2, 2), (1, 0, 0, 2, 2, 0, 0, 1), (1, 0, 1, 1, 1, 1, 2, 2)), ((0, 0, 1, 1, 1, 2, 2, 2), (1, 2, 0, 1, 2, 0, 1, 2), (1, 2, 0, 1, 2, 2, 2, 2), (0, 1, 2, 1, 0, 0, 0, 2)), ((0, 0, 1, 1, 1, 2, 2, 2), (1, 2, 0, 2, 2, 1, 2, 2), (2, 2, 0, 1, 1, 0, 1, 2), (2, 0, 1, 0, 1, 0, 0, 2)), ((0, 0, 1, 1, 1, 2, 2, 2), (2, 2, 1, 1, 2, 0, 0, 1), (0, 0, 0, 1, 0, 0, 1, 1), (0, 2, 2, 1, 1, 1, 2, 0)), ((0, 0, 1, 1, 1, 2, 2, 2), (2, 2, 1, 1, 2, 0, 0, 1), (0, 1, 2, 2, 0, 0, 1, 0), (2, 1, 0, 2, 2, 0, 2, 0)), ((0, 0, 1, 1, 1, 2, 2, 2), (1, 2, 0, 2, 2, 1, 2, 2), (0, 2, 1, 2, 2, 0, 1, 1), (0, 2, 0, 0, 1, 1, 0, 2)), ((0, 0, 1, 1, 1, 2, 2, 2), (1, 2, 0, 2, 2, 1, 2, 2), (2, 0, 1, 0, 2, 1, 0, 0), (1, 2, 2, 0, 2, 2, 0, 0)), ((0, 0, 0, 1, 2, 2, 2, 2), (1, 2, 2, 0, 1, 2, 2, 2), (1, 0, 1, 0, 1, 0, 1, 2), (1, 0, 1, 1, 0, 0, 2, 1))]
[0, 3, ((0, 0, 1, 1, 1, 2, 2, 2), (1, 2, 0, 1, 2, 0, 1, 2)), 8*t^3 + 1, 8*X^6 + 1, 'FREE JOIN likely']
[1, 3, ((0, 0, 1, 1, 1, 2, 2, 2), (2, 2, 1, 1, 2, 0, 0, 1)), t^4 + 6*t^3 + t^2 + 1, 8*X^6 + 1, ' ']
[2, 3, ((0, 0, 2, 2, 2, 2, 2, 2), (1, 2, 0, 0, 0, 0, 1, 2)), 3*t^4 + 2*t^3 + 3*t^2 + 1, 4*X^7 + 2*X^6 + 2*X^4 + 1, ' ']
[3, 3, ((0, 1, 1, 1, 1, 1, 2, 2), (1, 0, 2, 2, 2, 2, 1, 2)), 3*t^4 + 3*t^3 + t^2 + t + 1, 6*X^7 + 2*X^3 + 1, ' ']
[4, 3, ((0, 1, 1, 2, 2, 2, 2, 2), (1, 0, 1, 0, 1, 2, 2, 2)), 2*t^4 + 4*t^3 + 2*t^2 + 1, 4*X^7 + 2*X^6 + 2*X^4 + 1, ' ']
[5, 3, ((0, 0, 2, 2, 2, 2, 2, 2), (2, 2, 0, 0, 1, 1, 1, 2)), 2*t^4 + 4*t^3 + 2*t^2 + 1, 2*X^7 + 4*X^6 + 2*X^5 + 1, ' ']
[6, 3, ((0, 0, 0, 1, 2, 2, 2, 2), (1, 2, 2, 0, 1, 2, 2, 2)), 2*t^4 + 4*t^3 + 2*t^2 + 1, 4*X^7 + 4*X^5 + 1, ' ']
[7, 3, ((0, 0, 1, 1, 1, 2, 2, 2), (1, 2, 0, 2, 2, 1, 2, 2)), t^4 + 6*t^3 + t^2 + 1, 2*X^7 + 4*X^6 + 2*X^5 + 1, ' ']
[8, 3, ((0, 0, 0, 1, 2, 2, 2, 2), (1, 2, 2, 0, 1, 2, 2, 2), (1, 1, 1, 2, 1, 0, 1, 2)), 4*t^4 + 12*t^3 + 10*t^2 + 1, 8*X^7 + 2*X^6 + 12*X^5 + 4*X^4 + 1, ' ']
[9, 3, ((0, 0, 0, 1, 2, 2, 2, 2), (1, 2, 2, 0, 1, 2, 2, 2), (1, 0, 1, 0, 1, 0, 1, 2)), 2*t^4 + 16*t^3 + 8*t^2 + 1, 4*X^7 + 8*X^6 + 12*X^5 + 2*X^4 + 1, ' ']
[10, 3, ((0, 1, 1, 2, 2, 2, 2, 2), (1, 0, 1, 0, 1, 2, 2, 2), (1, 0, 1, 0, 1, 0, 0, 0)), 7*t^4 + 8*t^3 + 9*t^2 + 2*t + 1, 12*X^7 + 4*X^6 + 6*X^4 + 4*X^3 + 1, 'FREE JOIN likely']
[11, 3, ((0, 0, 1, 1, 1, 2, 2, 2), (2, 2, 1, 1, 2, 0, 0, 1), (0, 1, 2, 2, 0, 0, 1, 0)), 5*t^4 + 10*t^3 + 11*t^2 + 1, 8*X^7 + 8*X^6 + 10*X^4 + 1, ' ']
[12, 3, ((0, 0, 0, 1, 2, 2, 2, 2), (1, 2, 2, 0, 1, 2, 2, 2), (0, 1, 1, 2, 1, 0, 0, 1)), 5*t^4 + 11*t^3 + 9*t^2 + t + 1, 10*X^7 + 12*X^5 + 2*X^4 + 2*X^3 + 1, ' ']
[13, 3, ((0, 0, 1, 1, 1, 2, 2, 2), (1, 2, 0, 2, 2, 1, 2, 2), (2, 0, 1, 0, 2, 1, 0, 0)), 3*t^4 + 16*t^3 + 5*t^2 + 2*t + 1, 4*X^7 + 14*X^6 + 4*X^5 + 2*X^4 + 2*X^2 + 1, ' ']
[14, 3, ((0, 0, 1, 1, 1, 2, 2, 2), (1, 2, 0, 2, 2, 1, 2, 2), (0, 0, 2, 0, 1, 1, 1, 1)), 3*t^4 + 16*t^3 + 5*t^2 + 2*t + 1, 6*X^7 + 8*X^6 + 10*X^5 + 2*X^2 + 1, ' ']
[15, 3, ((0, 0, 0, 1, 2, 2, 2, 2), (1, 2, 2, 0, 1, 2, 2, 2), (1, 0, 0, 2, 2, 0, 0, 1)), 5*t^4 + 11*t^3 + 9*t^2 + t + 1, 8*X^7 + 6*X^6 + 6*X^5 + 4*X^4 + 2*X^3 + 1, ' ']
[16, 3, ((0, 0, 1, 1, 1, 2, 2, 2), (1, 2, 0, 2, 2, 1, 2, 2), (2, 2, 0, 1, 1, 0, 1, 2)), 3*t^4 + 15*t^3 + 7*t^2 + t + 1, 6*X^7 + 6*X^6 + 12*X^5 + 2*X^3 + 1, ' ']
[17, 3, ((0, 0, 2, 2, 2, 2, 2, 2), (1, 2, 0, 0, 0, 0, 1, 2), (1, 0, 0, 0, 1, 2, 1, 1)), 4*t^4 + 12*t^3 + 10*t^2 + 1, 6*X^7 + 8*X^6 + 6*X^5 + 6*X^4 + 1, ' ']
[18, 3, ((0, 0, 1, 1, 1, 2, 2, 2), (1, 2, 0, 2, 2, 1, 2, 2), (0, 1, 1, 0, 2, 0, 0, 2)), 3*t^4 + 14*t^3 + 9*t^2 + 1, 6*X^7 + 8*X^6 + 6*X^5 + 6*X^4 + 1, ' ']
[19, 3, ((0, 0, 1, 1, 1, 2, 2, 2), (1, 2, 0, 1, 2, 0, 1, 2), (0, 1, 1, 0, 0, 0, 1, 0)), t^4 + 20*t^3 + 3*t^2 + 2*t + 1, 22*X^6 + 4*X^3 + 1, ' ']
[20, 3, ((0, 0, 2, 2, 2, 2, 2, 2), (2, 2, 0, 0, 1, 1, 1, 2), (0, 2, 0, 2, 2, 2, 2, 2)), 6*t^4 + 10*t^3 + 8*t^2 + 2*t + 1, 8*X^7 + 8*X^6 + 4*X^5 + 4*X^4 + 2*X^2 + 1, ' ']
[21, 3, ((0, 1, 1, 1, 1, 1, 2, 2), (1, 0, 2, 2, 2, 2, 1, 2), (1, 0, 1, 1, 1, 2, 0, 0)), 6*t^4 + 10*t^3 + 8*t^2 + 2*t + 1, 10*X^7 + 4*X^6 + 6*X^5 + 2*X^4 + 4*X^3 + 1, ' ']
[22, 3, ((0, 0, 1, 1, 1, 2, 2, 2), (1, 2, 0, 2, 2, 1, 2, 2), (0, 2, 1, 2, 2, 0, 1, 1)), 4*t^4 + 14*t^3 + 6*t^2 + 2*t + 1, 6*X^7 + 10*X^6 + 6*X^5 + 4*X^3 + 1, ' ']
[23, 3, ((0, 1, 1, 2, 2, 2, 2, 2), (1, 0, 1, 0, 1, 2, 2, 2), (2, 2, 2, 0, 2, 1, 1, 2)), 4*t^4 + 14*t^3 + 6*t^2 + 2*t + 1, 8*X^7 + 8*X^6 + 4*X^5 + 4*X^4 + 2*X^2 + 1, 'FREE JOIN likely']
[24, 3, ((0, 0, 1, 1, 1, 2, 2, 2), (1, 2, 0, 2, 2, 1, 2, 2), (0, 1, 0, 0, 0, 0, 0, 2)), 3*t^4 + 17*t^3 + 3*t^2 + 3*t + 1, 6*X^7 + 12*X^6 + 4*X^5 + 2*X^3 + 2*X^2 + 1, ' ']
[25, 3, ((0, 0, 0, 1, 2, 2, 2, 2), (1, 2, 2, 0, 1, 2, 2, 2), (0, 0, 2, 0, 1, 2, 2, 2)), 6*t^4 + 11*t^3 + 6*t^2 + 3*t + 1, 12*X^7 + 10*X^5 + 2*X^3 + 2*X^2 + 1, 'FREE JOIN likely']
[26, 3, ((0, 0, 1, 1, 1, 2, 2, 2), (1, 2, 0, 1, 2, 0, 1, 2), (0, 2, 1, 0, 1, 0, 0, 2)), 2*t^4 + 16*t^3 + 8*t^2 + 1, 2*X^7 + 14*X^6 + 6*X^5 + 4*X^4 + 1, ' ']
[27, 3, ((0, 0, 1, 1, 1, 2, 2, 2), (2, 2, 1, 1, 2, 0, 0, 1), (0, 0, 0, 1, 0, 0, 1, 1)), 3*t^4 + 15*t^3 + 7*t^2 + t + 1, 4*X^7 + 12*X^6 + 6*X^5 + 2*X^4 + 2*X^3 + 1, ' ']
[28, 3, ((0, 0, 2, 2, 2, 2, 2, 2), (2, 2, 0, 0, 1, 1, 1, 2), (0, 0, 0, 1, 0, 0, 2, 0)), 4*t^4 + 14*t^3 + 6*t^2 + 2*t + 1, 6*X^7 + 8*X^6 + 10*X^5 + 2*X^2 + 1, ' ']
[29, 3, ((0, 0, 1, 1, 1, 2, 2, 2), (2, 2, 1, 1, 2, 0, 0, 1), (0, 1, 0, 0, 0, 2, 2, 1)), 4*t^4 + 14*t^3 + 6*t^2 + 2*t + 1, 4*X^7 + 14*X^6 + 4*X^5 + 2*X^4 + 2*X^2 + 1, ' ']
[30, 3, ((0, 0, 1, 1, 1, 2, 2, 2), (1, 2, 0, 1, 2, 0, 1, 2), (2, 1, 2, 0, 1, 1, 1, 1)), 4*t^4 + 12*t^3 + 10*t^2 + 1, 8*X^7 + 8*X^6 + 10*X^4 + 1, ' ']
[31, 3, ((0, 1, 1, 2, 2, 2, 2, 2), (1, 0, 1, 0, 1, 2, 2, 2), (2, 2, 2, 0, 2, 0, 0, 1)), 4*t^4 + 13*t^3 + 8*t^2 + t + 1, 8*X^7 + 6*X^6 + 6*X^5 + 4*X^4 + 2*X^3 + 1, ' ']
[32, 3, ((0, 1, 1, 1, 1, 1, 2, 2), (1, 0, 2, 2, 2, 2, 1, 2), (0, 2, 0, 1, 1, 2, 2, 1)), 5*t^4 + 11*t^3 + 9*t^2 + t + 1, 10*X^7 + 6*X^6 + 8*X^4 + 2*X^3 + 1, ' ']
[33, 3, ((0, 0, 1, 1, 1, 2, 2, 2), (1, 2, 0, 2, 2, 1, 2, 2), (1, 0, 0, 0, 2, 1, 0, 2)), 2*t^4 + 17*t^3 + 6*t^2 + t + 1, 4*X^7 + 12*X^6 + 6*X^5 + 2*X^4 + 2*X^3 + 1, 'FREE JOIN likely']
[34, 3, ((0, 0, 1, 1, 1, 2, 2, 2), (1, 2, 0, 1, 2, 0, 1, 2), (1, 2, 0, 1, 2, 2, 2, 2)), 2*t^4 + 18*t^3 + 4*t^2 + 2*t + 1, 4*X^7 + 14*X^6 + 4*X^5 + 2*X^4 + 2*X^2 + 1, ' ']
[35, 3, ((0, 0, 1, 1, 1, 2, 2, 2), (1, 2, 0, 2, 2, 1, 2, 2), (1, 0, 0, 0, 2, 1, 0, 2), (1, 1, 0, 1, 2, 2, 1, 1)), 7*t^4 + 47*t^3 + 21*t^2 + 5*t + 1, 14*X^7 + 24*X^6 + 32*X^5 + 4*X^4 + 2*X^3 + 4*X^2 + 1, ' ']
[36, 3, ((0, 0, 1, 1, 1, 2, 2, 2), (1, 2, 0, 1, 2, 0, 1, 2), (0, 1, 1, 0, 0, 0, 1, 0), (2, 1, 2, 2, 1, 0, 0, 1)), 7*t^4 + 50*t^3 + 15*t^2 + 8*t + 1, 12*X^7 + 40*X^6 + 12*X^5 + 6*X^4 + 4*X^3 + 6*X^2 + 1, 'FREE JOIN likely']
[37, 3, ((0, 0, 1, 1, 1, 2, 2, 2), (2, 2, 1, 1, 2, 0, 0, 1), (0, 1, 2, 2, 0, 0, 1, 0), (1, 2, 0, 1, 2, 0, 2, 1)), 13*t^4 + 32*t^3 + 33*t^2 + 2*t + 1, 24*X^7 + 22*X^6 + 30*X^4 + 4*X^3 + 1, ' ']
[38, 3, ((0, 0, 1, 1, 1, 2, 2, 2), (1, 2, 0, 2, 2, 1, 2, 2), (0, 1, 0, 0, 0, 0, 0, 2), (2, 0, 0, 1, 1, 1, 1, 0)), 10*t^4 + 44*t^3 + 18*t^2 + 8*t + 1, 18*X^7 + 22*X^6 + 30*X^5 + 4*X^3 + 6*X^2 + 1, ' ']
[39, 3, ((0, 0, 1, 1, 1, 2, 2, 2), (1, 2, 0, 2, 2, 1, 2, 2), (0, 1, 1, 0, 2, 0, 0, 2), (0, 1, 2, 0, 0, 0, 2, 1)), 10*t^4 + 41*t^3 + 24*t^2 + 5*t + 1, 20*X^7 + 24*X^6 + 14*X^5 + 16*X^4 + 2*X^3 + 4*X^2 + 1, 'FREE JOIN likely']
[40, 3, ((0, 0, 1, 1, 1, 2, 2, 2), (1, 2, 0, 2, 2, 1, 2, 2), (0, 1, 0, 0, 0, 0, 0, 2), (2, 2, 0, 0, 0, 2, 1, 2)), 13*t^4 + 35*t^3 + 27*t^2 + 5*t + 1, 22*X^7 + 20*X^6 + 16*X^5 + 14*X^4 + 6*X^3 + 2*X^2 + 1, ' ']
[41, 3, ((0, 0, 0, 1, 2, 2, 2, 2), (1, 2, 2, 0, 1, 2, 2, 2), (1, 0, 0, 2, 2, 0, 0, 1), (1, 0, 1, 1, 1, 1, 2, 2)), 10*t^4 + 38*t^3 + 30*t^2 + 2*t + 1, 18*X^7 + 22*X^6 + 18*X^5 + 18*X^4 + 4*X^3 + 1, ' ']
[42, 3, ((0, 0, 1, 1, 1, 2, 2, 2), (1, 2, 0, 1, 2, 0, 1, 2), (1, 2, 0, 1, 2, 2, 2, 2), (0, 1, 2, 1, 0, 0, 0, 2)), 8*t^4 + 47*t^3 + 18*t^2 + 7*t + 1, 16*X^7 + 30*X^6 + 18*X^5 + 8*X^4 + 2*X^3 + 6*X^2 + 1, ' ']
[43, 3, ((0, 0, 1, 1, 1, 2, 2, 2), (1, 2, 0, 2, 2, 1, 2, 2), (2, 2, 0, 1, 1, 0, 1, 2), (2, 0, 1, 0, 1, 0, 0, 2)), 9*t^4 + 41*t^3 + 27*t^2 + 3*t + 1, 18*X^7 + 18*X^6 + 28*X^5 + 12*X^4 + 2*X^3 + 2*X^2 + 1, ' ']
[44, 3, ((0, 0, 1, 1, 1, 2, 2, 2), (2, 2, 1, 1, 2, 0, 0, 1), (0, 0, 0, 1, 0, 0, 1, 1), (0, 2, 2, 1, 1, 1, 2, 0)), 8*t^4 + 44*t^3 + 24*t^2 + 4*t + 1, 14*X^7 + 28*X^6 + 22*X^5 + 10*X^4 + 4*X^3 + 2*X^2 + 1, ' ']
[45, 3, ((0, 0, 1, 1, 1, 2, 2, 2), (2, 2, 1, 1, 2, 0, 0, 1), (0, 1, 2, 2, 0, 0, 1, 0), (2, 1, 0, 2, 2, 0, 2, 0)), 10*t^4 + 38*t^3 + 30*t^2 + 2*t + 1, 16*X^7 + 26*X^6 + 16*X^5 + 20*X^4 + 2*X^2 + 1, ' ']
[46, 3, ((0, 0, 1, 1, 1, 2, 2, 2), (1, 2, 0, 2, 2, 1, 2, 2), (0, 2, 1, 2, 2, 0, 1, 1), (0, 2, 0, 0, 1, 1, 0, 2)), 7*t^4 + 47*t^3 + 21*t^2 + 5*t + 1, 10*X^7 + 38*X^6 + 16*X^5 + 8*X^4 + 6*X^3 + 2*X^2 + 1, ' ']
[47, 3, ((0, 0, 1, 1, 1, 2, 2, 2), (1, 2, 0, 2, 2, 1, 2, 2), (2, 0, 1, 0, 2, 1, 0, 0), (1, 2, 2, 0, 2, 2, 0, 0)), 11*t^4 + 41*t^3 + 21*t^2 + 7*t + 1, 16*X^7 + 30*X^6 + 18*X^5 + 8*X^4 + 2*X^3 + 6*X^2 + 1, ' ']
[48, 3, ((0, 0, 0, 1, 2, 2, 2, 2), (1, 2, 2, 0, 1, 2, 2, 2), (1, 0, 1, 0, 1, 0, 1, 2), (1, 0, 1, 1, 0, 0, 2, 1)), 8*t^4 + 44*t^3 + 24*t^2 + 4*t + 1, 12*X^7 + 32*X^6 + 20*X^5 + 12*X^4 + 4*X^2 + 1, ' ']
