[((0, 0, 0, 0, 1, 1, 1, 1, 1, 1), (1, 1, 2, 2, 0, 0, 1, 1, 2, 2)), ((0, 0, 1, 1, 1, 1, 2, 2, 2, 2), (1, 2, 2, 2, 2, 2, 0, 0, 2, 2)), ((0, 0, 0, 1, 1, 1, 1, 1, 2, 2), (1, 1, 2, 0, 1, 1, 2, 2, 0, 2)), ((0, 0, 1, 1, 1, 1, 2, 2, 2, 2), (2, 2, 0, 0, 0, 1, 0, 1, 1, 2)), ((0, 1, 1, 1, 1, 1, 1, 2, 2, 2), (2, 0, 1, 1, 1, 1, 1, 1, 2, 2)), ((0, 1, 1, 1, 2, 2, 2, 2, 2, 2), (1, 0, 0, 1, 0, 0, 1, 2, 2, 2)), ((0, 1, 1, 1, 1, 1, 1, 2, 2, 2), (1, 1, 1, 2, 2, 2, 2, 0, 0, 1)), ((0, 0, 0, 0, 1, 1, 1, 2, 2, 2), (1, 1, 1, 1, 1, 1, 1, 0, 1, 1)), ((0, 0, 0, 0, 1, 1, 1, 2, 2, 2), (1, 1, 1, 1, 0, 2, 2, 1, 1, 2)), ((0, 1, 1, 1, 2, 2, 2, 2, 2, 2), (1, 1, 1, 2, 0, 0, 0, 1, 1, 2)), ((0, 0, 1, 1, 1, 1, 2, 2, 2, 2), (1, 2, 0, 0, 1, 1, 1, 2, 2, 2)), ((0, 0, 0, 0, 0, 0, 1, 1, 2, 2), (1, 1, 1, 1, 1, 2, 0, 2, 1, 2)), ((0, 1, 1, 1, 2, 2, 2, 2, 2, 2), (1, 1, 2, 2, 0, 0, 0, 2, 2, 2)), ((0, 0, 0, 1, 1, 2, 2, 2, 2, 2), (1, 1, 1, 0, 1, 1, 1, 2, 2, 2)), ((0, 0, 1, 2, 2, 2, 2, 2, 2, 2), (2, 2, 2, 0, 2, 2, 2, 2, 2, 2)), ((0, 1, 1, 1, 1, 1, 1, 2, 2, 2), (2, 0, 0, 1, 2, 2, 2, 1, 1, 1)), ((0, 0, 1, 1, 1, 1, 2, 2, 2, 2), (2, 2, 0, 1, 1, 1, 0, 0, 1, 1)), ((0, 0, 1, 1, 1, 1, 2, 2, 2, 2), (1, 2, 0, 1, 2, 2, 0, 1, 1, 2)), ((0, 0, 1, 1, 1, 1, 2, 2, 2, 2), (2, 2, 0, 0, 1, 1, 0, 0, 1, 2)), ((0, 1, 1, 1, 2, 2, 2, 2, 2, 2), (2, 0, 0, 0, 1, 1, 2, 2, 2, 2)), ((0, 0, 0, 0, 0, 1, 2, 2, 2, 2), (1, 1, 1, 1, 1, 0, 1, 2, 2, 2)), ((0, 0, 1, 2, 2, 2, 2, 2, 2, 2), (1, 2, 1, 0, 0, 1, 1, 1, 1, 1)), ((0, 1, 1, 1, 1, 1, 1, 2, 2, 2), (2, 0, 1, 1, 1, 2, 2, 1, 1, 1))]
[0, 3, ((0, 0, 0, 0, 1, 1, 1, 1, 1, 1), (1, 1, 2, 2, 0, 0, 1, 1, 2, 2)), 7*t^4 + t^2 + 1, 6*X^8 + 2*X^6 + 1, ' ']
[1, 3, ((0, 0, 1, 1, 1, 1, 2, 2, 2, 2), (1, 2, 2, 2, 2, 2, 0, 0, 2, 2)), 2*t^5 + 2*t^4 + 4*t^3 + 1, 6*X^8 + 2*X^6 + 1, ' ']
[2, 3, ((0, 0, 0, 1, 1, 1, 1, 1, 2, 2), (1, 1, 2, 0, 1, 1, 2, 2, 0, 2)), 6*t^4 + 2*t^3 + 1, 4*X^8 + 4*X^7 + 1, ' ']
[3, 3, ((0, 0, 1, 1, 1, 1, 2, 2, 2, 2), (2, 2, 0, 0, 0, 1, 0, 1, 1, 2)), t^5 + 4*t^4 + 3*t^3 + 1, 6*X^8 + 2*X^6 + 1, ' ']
[4, 3, ((0, 1, 1, 1, 1, 1, 1, 2, 2, 2), (2, 0, 1, 1, 1, 1, 1, 1, 2, 2)), 3*t^5 + 3*t^4 + t^2 + t + 1, 6*X^9 + 2*X^3 + 1, ' ']
[5, 3, ((0, 1, 1, 1, 2, 2, 2, 2, 2, 2), (1, 0, 0, 1, 0, 0, 1, 2, 2, 2)), 2*t^5 + 2*t^4 + 4*t^3 + 1, 4*X^9 + 4*X^6 + 1, ' ']
[6, 3, ((0, 1, 1, 1, 1, 1, 1, 2, 2, 2), (1, 1, 1, 2, 2, 2, 2, 0, 0, 1)), 2*t^5 + 3*t^4 + 2*t^3 + t^2 + 1, 2*X^9 + 4*X^8 + 2*X^5 + 1, ' ']
[7, 3, ((0, 0, 0, 0, 1, 1, 1, 2, 2, 2), (1, 1, 1, 1, 1, 1, 1, 0, 1, 1)), t^6 + 3*t^4 + 4*t^3 + 1, 2*X^9 + 2*X^8 + 2*X^7 + 2*X^6 + 1, ' ']
[8, 3, ((0, 0, 0, 0, 1, 1, 1, 2, 2, 2), (1, 1, 1, 1, 0, 2, 2, 1, 1, 2)), 2*t^5 + 3*t^4 + 2*t^3 + t^2 + 1, 4*X^9 + 4*X^6 + 1, ' ']
[9, 3, ((0, 1, 1, 1, 2, 2, 2, 2, 2, 2), (1, 1, 1, 2, 0, 0, 0, 1, 1, 2)), t^5 + 4*t^4 + 3*t^3 + 1, 2*X^9 + 6*X^7 + 1, ' ']
[10, 3, ((0, 0, 1, 1, 1, 1, 2, 2, 2, 2), (1, 2, 0, 0, 1, 1, 1, 2, 2, 2)), t^5 + 5*t^4 + t^3 + t^2 + 1, 2*X^9 + 4*X^8 + 2*X^5 + 1, ' ']
[11, 3, ((0, 0, 0, 0, 0, 0, 1, 1, 2, 2), (1, 1, 1, 1, 1, 2, 0, 2, 1, 2)), 3*t^5 + 2*t^4 + t^3 + 2*t^2 + 1, 4*X^9 + 2*X^8 + 2*X^4 + 1, ' ']
[12, 3, ((0, 1, 1, 1, 2, 2, 2, 2, 2, 2), (1, 1, 2, 2, 0, 0, 0, 2, 2, 2)), t^5 + 5*t^4 + t^3 + t^2 + 1, 2*X^9 + 2*X^8 + 2*X^7 + 2*X^6 + 1, ' ']
[13, 3, ((0, 0, 0, 1, 1, 2, 2, 2, 2, 2), (1, 1, 1, 0, 1, 1, 1, 2, 2, 2)), 2*t^5 + 2*t^4 + 4*t^3 + 1, 2*X^9 + 2*X^8 + 2*X^7 + 2*X^6 + 1, ' ']
[14, 3, ((0, 0, 1, 2, 2, 2, 2, 2, 2, 2), (2, 2, 2, 0, 2, 2, 2, 2, 2, 2)), t^6 + 2*t^5 + t^4 + 2*t^3 + 2*t^2 + 1, 4*X^9 + 2*X^8 + 2*X^4 + 1, ' ']
[15, 3, ((0, 1, 1, 1, 1, 1, 1, 2, 2, 2), (2, 0, 0, 1, 2, 2, 2, 1, 1, 1)), 2*t^5 + 4*t^4 + 2*t^2 + 1, 4*X^9 + 2*X^8 + 2*X^4 + 1, ' ']
[16, 3, ((0, 0, 1, 1, 1, 1, 2, 2, 2, 2), (2, 2, 0, 1, 1, 1, 0, 0, 1, 1)), t^5 + 4*t^4 + 3*t^3 + 1, 4*X^8 + 4*X^7 + 1, ' ']
[17, 3, ((0, 0, 1, 1, 1, 1, 2, 2, 2, 2), (1, 2, 0, 1, 2, 2, 0, 1, 1, 2)), 6*t^4 + 2*t^3 + 1, 6*X^8 + 2*X^6 + 1, ' ']
[18, 3, ((0, 0, 1, 1, 1, 1, 2, 2, 2, 2), (2, 2, 0, 0, 1, 1, 0, 0, 1, 2)), t^5 + 4*t^4 + 3*t^3 + 1, 2*X^9 + 2*X^8 + 2*X^7 + 2*X^6 + 1, ' ']
[19, 3, ((0, 1, 1, 1, 2, 2, 2, 2, 2, 2), (2, 0, 0, 0, 1, 1, 2, 2, 2, 2)), 2*t^5 + 3*t^4 + 2*t^3 + t^2 + 1, 2*X^9 + 2*X^8 + 2*X^7 + 2*X^6 + 1, ' ']
[20, 3, ((0, 0, 0, 0, 0, 1, 2, 2, 2, 2), (1, 1, 1, 1, 1, 0, 1, 2, 2, 2)), t^6 + t^5 + 2*t^4 + 3*t^3 + t^2 + 1, 4*X^9 + 2*X^7 + 2*X^5 + 1, ' ']
[21, 3, ((0, 0, 1, 2, 2, 2, 2, 2, 2, 2), (1, 2, 1, 0, 0, 1, 1, 1, 1, 1)), 3*t^5 + t^4 + 3*t^3 + t^2 + 1, 2*X^9 + 4*X^8 + 2*X^5 + 1, ' ']
[22, 3, ((0, 1, 1, 1, 1, 1, 1, 2, 2, 2), (2, 0, 1, 1, 1, 2, 2, 1, 1, 1)), 2*t^5 + 3*t^4 + 2*t^3 + t^2 + 1, 4*X^9 + 2*X^7 + 2*X^5 + 1, ' ']
