[((0, 0, 0, 0, 1, 1, 1), (1, 1, 2, 2, 0, 1, 2)), ((0, 1, 1, 1, 2, 2, 2), (2, 1, 2, 2, 0, 0, 2)), ((0, 0, 1, 1, 1, 1, 2), (2, 2, 0, 2, 2, 2, 2)), ((0, 1, 1, 1, 2, 2, 2), (2, 0, 1, 2, 0, 2, 2)), ((0, 1, 1, 1, 2, 2, 2), (2, 0, 1, 2, 0, 2, 2), (0, 2, 0, 1, 0, 1, 2)), ((0, 1, 1, 1, 2, 2, 2), (2, 1, 2, 2, 0, 0, 2), (2, 2, 0, 0, 1, 2, 2)), ((0, 0, 0, 0, 1, 1, 1), (1, 1, 2, 2, 0, 1, 2), (0, 2, 0, 1, 1, 1, 1)), ((0, 0, 0, 0, 1, 1, 1), (1, 1, 2, 2, 0, 1, 2), (1, 2, 0, 0, 2, 0, 1)), ((0, 0, 0, 0, 1, 1, 1), (1, 1, 2, 2, 0, 1, 2), (0, 1, 0, 1, 2, 2, 0)), ((0, 1, 1, 1, 2, 2, 2), (2, 0, 1, 2, 0, 2, 2), (1, 1, 0, 2, 1, 0, 1)), ((0, 0, 1, 1, 1, 1, 2), (2, 2, 0, 2, 2, 2, 2), (2, 2, 2, 0, 1, 2, 0)), ((0, 1, 1, 1, 2, 2, 2), (2, 0, 1, 2, 0, 2, 2), (0, 2, 1, 2, 0, 0, 1)), ((0, 0, 0, 0, 1, 1, 1), (1, 1, 2, 2, 0, 1, 2), (0, 2, 0, 1, 1, 1, 1), (1, 2, 1, 2, 1, 2, 0))]
[3, ((0, 0, 0, 0, 1, 1, 1), (1, 1, 2, 2, 0, 1, 2)), 6*t^3 + t^2 + t + 1, 6*X^6 + 2*X^3 + 1, '   ']
[3, ((0, 1, 1, 1, 2, 2, 2), (2, 1, 2, 2, 0, 0, 2)), 5*t^3 + 3*t^2 + 1, 2*X^6 + 6*X^5 + 1, '   ']
[3, ((0, 0, 1, 1, 1, 1, 2), (2, 2, 0, 2, 2, 2, 2)), t^4 + 3*t^3 + 4*t^2 + 1, 4*X^6 + 2*X^5 + 2*X^4 + 1, '   ']
[3, ((0, 1, 1, 1, 2, 2, 2), (2, 0, 1, 2, 0, 2, 2)), 5*t^3 + 3*t^2 + 1, 4*X^6 + 2*X^5 + 2*X^4 + 1, '   ']
[3, ((0, 1, 1, 1, 2, 2, 2), (2, 0, 1, 2, 0, 2, 2), (0, 2, 0, 1, 0, 1, 2)), t^4 + 9*t^3 + 16*t^2 + 1, 8*X^6 + 6*X^5 + 12*X^4 + 1, '   ']
[3, ((0, 1, 1, 1, 2, 2, 2), (2, 1, 2, 2, 0, 0, 2), (2, 2, 0, 0, 1, 2, 2)), 14*t^3 + 9*t^2 + 3*t + 1, 6*X^6 + 16*X^5 + 2*X^3 + 2*X^2 + 1, '   ']
[3, ((0, 0, 0, 0, 1, 1, 1), (1, 1, 2, 2, 0, 1, 2), (0, 2, 0, 1, 1, 1, 1)), 14*t^3 + 9*t^2 + 3*t + 1, 12*X^6 + 4*X^5 + 6*X^4 + 2*X^3 + 2*X^2 + 1, 'FREE JOIN likely']
[3, ((0, 0, 0, 0, 1, 1, 1), (1, 1, 2, 2, 0, 1, 2), (1, 2, 0, 0, 2, 0, 1)), t^4 + 11*t^3 + 12*t^2 + 2*t + 1, 10*X^6 + 6*X^5 + 6*X^4 + 4*X^3 + 1, '   ']
[3, ((0, 0, 0, 0, 1, 1, 1), (1, 1, 2, 2, 0, 1, 2), (0, 1, 0, 1, 2, 2, 0)), 13*t^3 + 11*t^2 + 2*t + 1, 10*X^6 + 6*X^5 + 6*X^4 + 4*X^3 + 1, '   ']
[3, ((0, 1, 1, 1, 2, 2, 2), (2, 0, 1, 2, 0, 2, 2), (1, 1, 0, 2, 1, 0, 1)), 13*t^3 + 11*t^2 + 2*t + 1, 8*X^6 + 10*X^5 + 6*X^4 + 2*X^2 + 1, '   ']
[3, ((0, 0, 1, 1, 1, 1, 2), (2, 2, 0, 2, 2, 2, 2), (2, 2, 2, 0, 1, 2, 0)), t^4 + 11*t^3 + 12*t^2 + 2*t + 1, 8*X^6 + 10*X^5 + 6*X^4 + 2*X^2 + 1, '   ']
[3, ((0, 1, 1, 1, 2, 2, 2), (2, 0, 1, 2, 0, 2, 2), (0, 2, 1, 2, 0, 0, 1)), 12*t^3 + 13*t^2 + t + 1, 6*X^6 + 12*X^5 + 6*X^4 + 2*X^3 + 1, '   ']
[3, ((0, 0, 0, 0, 1, 1, 1), (1, 1, 2, 2, 0, 1, 2), (0, 2, 0, 1, 1, 1, 1), (1, 2, 1, 2, 1, 2, 0)), t^4 + 35*t^3 + 36*t^2 + 8*t + 1, 22*X^6 + 30*X^5 + 18*X^4 + 4*X^3 + 6*X^2 + 1, '   ']
