[((0, 0, 1, 1, 1, 3, 3, 3, 3), (2, 3, 0, 1, 3, 0, 1, 2, 3)), ((0, 0, 1, 2, 2, 2, 2, 3, 3), (2, 3, 2, 0, 1, 2, 3, 0, 2)), ((0, 0, 1, 1, 2, 2, 3, 3, 3), (1, 2, 2, 3, 0, 2, 0, 2, 3)), ((0, 0, 0, 1, 1, 1, 2, 2, 3), (3, 3, 3, 0, 1, 2, 0, 1, 2)), ((0, 1, 1, 1, 1, 2, 3, 3, 3), (2, 0, 1, 2, 3, 0, 0, 0, 2)), ((0, 0, 1, 2, 2, 2, 2, 3, 3), (2, 2, 2, 0, 1, 1, 3, 1, 3)), ((0, 1, 1, 1, 2, 2, 2, 3, 3), (2, 0, 0, 2, 0, 1, 2, 1, 2)), ((0, 0, 0, 0, 1, 1, 2, 3, 3), (2, 2, 3, 3, 0, 1, 1, 1, 2)), ((0, 1, 1, 1, 1, 2, 3, 3, 3), (2, 1, 1, 2, 3, 0, 1, 2, 3)), ((0, 0, 1, 2, 2, 2, 2, 3, 3), (1, 3, 1, 0, 0, 1, 3, 0, 1)), ((0, 1, 1, 2, 2, 2, 2, 2, 3), (3, 0, 2, 1, 2, 2, 2, 3, 0)), ((0, 1, 1, 1, 2, 2, 2, 3, 3), (2, 0, 2, 3, 0, 2, 3, 0, 3)), ((0, 1, 2, 2, 2, 2, 2, 2, 2), (3, 2, 0, 1, 1, 1, 2, 2, 3)), ((0, 1, 1, 1, 1, 1, 1, 2, 2), (1, 0, 1, 1, 2, 3, 3, 1, 3)), ((0, 1, 1, 1, 1, 1, 1, 2, 2), (2, 0, 1, 1, 1, 2, 3, 2, 3)), ((0, 1, 1, 2, 2, 2, 2, 2, 3), (2, 2, 3, 0, 0, 0, 2, 3, 3)), ((0, 0, 1, 2, 2, 2, 2, 3, 3), (1, 2, 1, 0, 1, 1, 3, 0, 1)), ((0, 0, 1, 2, 2, 2, 2, 3, 3), (1, 2, 1, 0, 1, 1, 1, 1, 2)), ((0, 0, 1, 1, 2, 2, 3, 3, 3), (1, 2, 2, 3, 0, 0, 2, 2, 3)), ((0, 2, 2, 2, 2, 3, 3, 3, 3), (2, 0, 0, 1, 2, 0, 1, 2, 2)), ((0, 0, 1, 1, 2, 2, 3, 3, 3), (2, 3, 0, 1, 0, 1, 0, 1, 2)), ((0, 1, 2, 2, 3, 3, 3, 3, 3), (3, 3, 0, 3, 1, 2, 2, 3, 3)), ((0, 0, 0, 0, 1, 1, 2, 3, 3), (1, 1, 1, 3, 2, 3, 2, 0, 2)), ((0, 1, 1, 2, 2, 2, 2, 2, 3), (2, 2, 3, 0, 2, 3, 3, 3, 2)), ((0, 1, 1, 1, 2, 2, 2, 3, 3), (3, 0, 3, 3, 1, 3, 3, 1, 3)), ((0, 1, 2, 2, 3, 3, 3, 3, 3), (1, 3, 0, 1, 1, 1, 2, 3, 3)), ((0, 1, 1, 1, 2, 2, 2, 3, 3), (2, 1, 2, 2, 1, 3, 3, 0, 1)), ((0, 1, 1, 2, 2, 2, 2, 2, 3), (2, 3, 3, 0, 2, 3, 3, 3, 1)), ((0, 1, 1, 2, 2, 2, 2, 2, 3), (1, 1, 2, 0, 1, 1, 3, 3, 3)), ((0, 0, 0, 2, 2, 2, 3, 3, 3), (1, 1, 2, 0, 1, 2, 0, 1, 2)), ((0, 0, 1, 1, 1, 1, 2, 2, 2), (3, 3, 0, 1, 1, 2, 1, 1, 3)), ((0, 1, 1, 1, 2, 2, 2, 3, 3), (1, 0, 2, 3, 0, 2, 3, 2, 2)), ((0, 1, 2, 2, 3, 3, 3, 3, 3), (3, 3, 0, 2, 0, 1, 1, 2, 3)), ((0, 1, 2, 2, 3, 3, 3, 3, 3), (2, 2, 1, 2, 0, 0, 0, 1, 2)), ((0, 0, 0, 1, 1, 1, 2, 2, 3), (1, 1, 2, 0, 2, 3, 0, 3, 3)), ((0, 0, 1, 1, 2, 2, 3, 3, 3), (2, 2, 2, 3, 0, 2, 0, 2, 2)), ((0, 0, 1, 2, 2, 2, 2, 3, 3), (3, 3, 2, 0, 0, 1, 2, 2, 2)), ((0, 1, 1, 1, 1, 2, 3, 3, 3), (3, 0, 0, 1, 1, 1, 1, 1, 2)), ((0, 0, 0, 0, 1, 2, 2, 2, 3), (1, 1, 3, 3, 2, 0, 1, 2, 2)), ((0, 1, 1, 1, 2, 2, 2, 3, 3), (1, 1, 1, 1, 0, 1, 3, 1, 1)), ((0, 1, 2, 2, 3, 3, 3, 3, 3), (2, 1, 1, 3, 0, 1, 1, 3, 3)), ((0, 1, 1, 1, 1, 2, 3, 3, 3), (2, 2, 2, 2, 3, 3, 0, 3, 3)), ((0, 1, 2, 2, 3, 3, 3, 3, 3), (3, 0, 1, 2, 0, 1, 2, 3, 3)), ((0, 1, 1, 1, 2, 2, 2, 3, 3), (2, 0, 0, 3, 2, 3, 3, 1, 1)), ((0, 0, 1, 1, 2, 2, 3, 3, 3), (2, 2, 0, 2, 1, 2, 1, 2, 3)), ((0, 0, 0, 1, 2, 3, 3, 3, 3), (3, 3, 3, 3, 0, 1, 2, 2, 3)), ((0, 2, 2, 2, 2, 3, 3, 3, 3), (3, 1, 1, 2, 3, 0, 1, 1, 3)), ((0, 1, 1, 2, 2, 2, 2, 2, 3), (2, 0, 3, 2, 3, 3, 3, 3, 1))]
[0, 5, ((0, 0, 1, 1, 1, 3, 3, 3, 3), (2, 3, 0, 1, 3, 0, 1, 2, 3)), t^5 + 17*t^4 + 5*t^3 + t^2 + 1, 12*X^8 + 12*X^7 + 1, ' ']
[1, 5, ((0, 0, 1, 2, 2, 2, 2, 3, 3), (2, 3, 2, 0, 1, 2, 3, 0, 2)), 18*t^4 + 6*t^3 + 1, 12*X^8 + 12*X^7 + 1, ' ']
[2, 5, ((0, 0, 1, 1, 2, 2, 3, 3, 3), (1, 2, 2, 3, 0, 2, 0, 2, 3)), t^5 + 16*t^4 + 7*t^3 + 1, 12*X^8 + 12*X^7 + 1, ' ']
[3, 5, ((0, 0, 0, 1, 1, 1, 2, 2, 3), (3, 3, 3, 0, 1, 2, 0, 1, 2)), 6*t^5 + 7*t^4 + 10*t^3 + t^2 + 1, 16*X^8 + 4*X^7 + 4*X^6 + 1, ' ']
[4, 5, ((0, 1, 1, 1, 1, 2, 3, 3, 3), (2, 0, 1, 2, 3, 0, 0, 0, 2)), 3*t^5 + 14*t^4 + 5*t^3 + 2*t^2 + 1, 20*X^8 + 4*X^5 + 1, ' ']
[5, 5, ((0, 0, 1, 2, 2, 2, 2, 3, 3), (2, 2, 2, 0, 1, 1, 3, 1, 3)), 3*t^5 + 14*t^4 + 5*t^3 + 2*t^2 + 1, 12*X^8 + 12*X^7 + 1, ' ']
[6, 5, ((0, 1, 1, 1, 2, 2, 2, 3, 3), (2, 0, 0, 2, 0, 1, 2, 1, 2)), 3*t^5 + 14*t^4 + 5*t^3 + 2*t^2 + 1, 16*X^8 + 4*X^7 + 4*X^6 + 1, ' ']
[7, 5, ((0, 0, 0, 0, 1, 1, 2, 3, 3), (2, 2, 3, 3, 0, 1, 1, 1, 2)), 2*t^5 + 16*t^4 + 4*t^3 + 2*t^2 + 1, 20*X^8 + 4*X^5 + 1, ' ']
[8, 5, ((0, 1, 1, 1, 1, 2, 3, 3, 3), (2, 1, 1, 2, 3, 0, 1, 2, 3)), 5*t^5 + 8*t^4 + 11*t^3 + 1, 16*X^8 + 4*X^7 + 4*X^6 + 1, ' ']
[9, 5, ((0, 0, 1, 2, 2, 2, 2, 3, 3), (1, 3, 1, 0, 0, 1, 3, 0, 1)), t^5 + 18*t^4 + 3*t^3 + 2*t^2 + 1, 16*X^8 + 4*X^7 + 4*X^6 + 1, ' ']
[10, 5, ((0, 1, 1, 2, 2, 2, 2, 2, 3), (3, 0, 2, 1, 2, 2, 2, 3, 0)), 7*t^5 + 4*t^4 + 13*t^3 + 1, 16*X^8 + 4*X^7 + 4*X^6 + 1, ' ']
[11, 5, ((0, 1, 1, 1, 2, 2, 2, 3, 3), (2, 0, 2, 3, 0, 2, 3, 0, 3)), 2*t^5 + 14*t^4 + 8*t^3 + 1, 16*X^8 + 4*X^7 + 4*X^6 + 1, ' ']
[12, 5, ((0, 1, 2, 2, 2, 2, 2, 2, 2), (3, 2, 0, 1, 1, 1, 2, 2, 3)), t^6 + 4*t^5 + 8*t^4 + 10*t^3 + t^2 + 1, 16*X^8 + 4*X^7 + 4*X^6 + 1, ' ']
[13, 5, ((0, 1, 1, 1, 1, 1, 1, 2, 2), (1, 0, 1, 1, 2, 3, 3, 1, 3)), t^6 + 2*t^5 + 12*t^4 + 8*t^3 + t^2 + 1, 16*X^8 + 4*X^7 + 4*X^6 + 1, ' ']
[14, 5, ((0, 1, 1, 1, 1, 1, 1, 2, 2), (2, 0, 1, 1, 1, 2, 3, 2, 3)), t^6 + 3*t^5 + 12*t^4 + 5*t^3 + 3*t^2 + 1, 20*X^8 + 4*X^5 + 1, ' ']
[15, 5, ((0, 1, 1, 2, 2, 2, 2, 2, 3), (2, 2, 3, 0, 0, 0, 2, 3, 3)), 6*t^5 + 6*t^4 + 12*t^3 + 1, 16*X^8 + 4*X^7 + 4*X^6 + 1, ' ']
[16, 5, ((0, 0, 1, 2, 2, 2, 2, 3, 3), (1, 2, 1, 0, 1, 1, 3, 0, 1)), 2*t^5 + 15*t^4 + 6*t^3 + t^2 + 1, 12*X^8 + 12*X^7 + 1, ' ']
[17, 5, ((0, 0, 1, 2, 2, 2, 2, 3, 3), (1, 2, 1, 0, 1, 1, 1, 1, 2)), t^6 + 3*t^5 + 10*t^4 + 9*t^3 + t^2 + 1, 16*X^8 + 4*X^7 + 4*X^6 + 1, ' ']
[18, 5, ((0, 0, 1, 1, 2, 2, 3, 3, 3), (1, 2, 2, 3, 0, 0, 2, 2, 3)), t^6 + t^5 + 14*t^4 + 7*t^3 + t^2 + 1, 12*X^8 + 12*X^7 + 1, ' ']
[19, 5, ((0, 2, 2, 2, 2, 3, 3, 3, 3), (2, 0, 0, 1, 2, 0, 1, 2, 2)), 2*t^5 + 16*t^4 + 4*t^3 + 2*t^2 + 1, 16*X^8 + 4*X^7 + 4*X^6 + 1, ' ']
[20, 5, ((0, 0, 1, 1, 2, 2, 3, 3, 3), (2, 3, 0, 1, 0, 1, 0, 1, 2)), t^5 + 17*t^4 + 5*t^3 + t^2 + 1, 16*X^8 + 4*X^7 + 4*X^6 + 1, ' ']
[21, 5, ((0, 1, 2, 2, 3, 3, 3, 3, 3), (3, 3, 0, 3, 1, 2, 2, 3, 3)), 4*t^5 + 10*t^4 + 10*t^3 + 1, 16*X^8 + 4*X^7 + 4*X^6 + 1, ' ']
[22, 5, ((0, 0, 0, 0, 1, 1, 2, 3, 3), (1, 1, 1, 3, 2, 3, 2, 0, 2)), 7*t^5 + 6*t^4 + 9*t^3 + 2*t^2 + 1, 20*X^8 + 4*X^5 + 1, ' ']
[23, 5, ((0, 1, 1, 2, 2, 2, 2, 2, 3), (2, 2, 3, 0, 2, 3, 3, 3, 2)), 4*t^5 + 12*t^4 + 6*t^3 + 2*t^2 + 1, 20*X^8 + 4*X^5 + 1, ' ']
[24, 5, ((0, 1, 1, 1, 2, 2, 2, 3, 3), (3, 0, 3, 3, 1, 3, 3, 1, 3)), t^6 + t^5 + 15*t^4 + 5*t^3 + 2*t^2 + 1, 16*X^8 + 4*X^7 + 4*X^6 + 1, ' ']
[25, 5, ((0, 1, 2, 2, 3, 3, 3, 3, 3), (1, 3, 0, 1, 1, 1, 2, 3, 3)), 4*t^5 + 11*t^4 + 8*t^3 + t^2 + 1, 12*X^8 + 12*X^7 + 1, ' ']
[26, 5, ((0, 1, 1, 1, 2, 2, 2, 3, 3), (2, 1, 2, 2, 1, 3, 3, 0, 1)), 4*t^5 + 12*t^4 + 6*t^3 + 2*t^2 + 1, 16*X^8 + 4*X^7 + 4*X^6 + 1, ' ']
[27, 5, ((0, 1, 1, 2, 2, 2, 2, 2, 3), (2, 3, 3, 0, 2, 3, 3, 3, 1)), 5*t^5 + 11*t^4 + 5*t^3 + 3*t^2 + 1, 16*X^8 + 4*X^7 + 4*X^6 + 1, ' ']
[28, 5, ((0, 1, 1, 2, 2, 2, 2, 2, 3), (1, 1, 2, 0, 1, 1, 3, 3, 3)), 5*t^5 + 8*t^4 + 11*t^3 + 1, 12*X^8 + 12*X^7 + 1, ' ']
[29, 5, ((0, 0, 0, 2, 2, 2, 3, 3, 3), (1, 1, 2, 0, 1, 2, 0, 1, 2)), 3*t^5 + 13*t^4 + 7*t^3 + t^2 + 1, 16*X^8 + 4*X^7 + 4*X^6 + 1, ' ']
[30, 5, ((0, 0, 1, 1, 1, 1, 2, 2, 2), (3, 3, 0, 1, 1, 2, 1, 1, 3)), 5*t^5 + 9*t^4 + 9*t^3 + t^2 + 1, 12*X^8 + 12*X^7 + 1, ' ']
[31, 5, ((0, 1, 1, 1, 2, 2, 2, 3, 3), (1, 0, 2, 3, 0, 2, 3, 2, 2)), 3*t^5 + 12*t^4 + 9*t^3 + 1, 16*X^8 + 4*X^7 + 4*X^6 + 1, ' ']
[32, 5, ((0, 1, 2, 2, 3, 3, 3, 3, 3), (3, 3, 0, 2, 0, 1, 1, 2, 3)), 2*t^5 + 14*t^4 + 8*t^3 + 1, 12*X^8 + 12*X^7 + 1, ' ']
[33, 5, ((0, 1, 2, 2, 3, 3, 3, 3, 3), (2, 2, 1, 2, 0, 0, 0, 1, 2)), 5*t^5 + 10*t^4 + 7*t^3 + 2*t^2 + 1, 16*X^8 + 4*X^7 + 4*X^6 + 1, ' ']
[34, 5, ((0, 0, 0, 1, 1, 1, 2, 2, 3), (1, 1, 2, 0, 2, 3, 0, 3, 3)), 4*t^5 + 11*t^4 + 8*t^3 + t^2 + 1, 16*X^8 + 4*X^7 + 4*X^6 + 1, ' ']
[35, 5, ((0, 0, 1, 1, 2, 2, 3, 3, 3), (2, 2, 2, 3, 0, 2, 0, 2, 2)), 3*t^5 + 13*t^4 + 7*t^3 + t^2 + 1, 12*X^8 + 12*X^7 + 1, ' ']
[36, 5, ((0, 0, 1, 2, 2, 2, 2, 3, 3), (3, 3, 2, 0, 0, 1, 2, 2, 2)), 6*t^5 + 6*t^4 + 12*t^3 + 1, 12*X^8 + 12*X^7 + 1, ' ']
[37, 5, ((0, 1, 1, 1, 1, 2, 3, 3, 3), (3, 0, 0, 1, 1, 1, 1, 1, 2)), 4*t^5 + 12*t^4 + 6*t^3 + 2*t^2 + 1, 12*X^8 + 12*X^7 + 1, ' ']
[38, 5, ((0, 0, 0, 0, 1, 2, 2, 2, 3), (1, 1, 3, 3, 2, 0, 1, 2, 2)), 6*t^5 + 8*t^4 + 8*t^3 + 2*t^2 + 1, 20*X^8 + 4*X^5 + 1, ' ']
[39, 5, ((0, 1, 1, 1, 2, 2, 2, 3, 3), (1, 1, 1, 1, 0, 1, 3, 1, 1)), t^6 + 3*t^5 + 11*t^4 + 7*t^3 + 2*t^2 + 1, 16*X^8 + 4*X^7 + 4*X^6 + 1, ' ']
[40, 5, ((0, 1, 2, 2, 3, 3, 3, 3, 3), (2, 1, 1, 3, 0, 1, 1, 3, 3)), 5*t^5 + 9*t^4 + 9*t^3 + t^2 + 1, 16*X^8 + 4*X^7 + 4*X^6 + 1, ' ']
[41, 5, ((0, 1, 1, 1, 1, 2, 3, 3, 3), (2, 2, 2, 2, 3, 3, 0, 3, 3)), 6*t^5 + 8*t^4 + 8*t^3 + 2*t^2 + 1, 16*X^8 + 4*X^7 + 4*X^6 + 1, ' ']
[42, 5, ((0, 1, 2, 2, 3, 3, 3, 3, 3), (3, 0, 1, 2, 0, 1, 2, 3, 3)), 2*t^5 + 15*t^4 + 6*t^3 + t^2 + 1, 16*X^8 + 4*X^7 + 4*X^6 + 1, ' ']
[43, 5, ((0, 1, 1, 1, 2, 2, 2, 3, 3), (2, 0, 0, 3, 2, 3, 3, 1, 1)), t^6 + 2*t^5 + 12*t^4 + 8*t^3 + t^2 + 1, 12*X^8 + 12*X^7 + 1, ' ']
[44, 5, ((0, 0, 1, 1, 2, 2, 3, 3, 3), (2, 2, 0, 2, 1, 2, 1, 2, 3)), 3*t^5 + 12*t^4 + 9*t^3 + 1, 12*X^8 + 12*X^7 + 1, ' ']
[45, 5, ((0, 0, 0, 1, 2, 3, 3, 3, 3), (3, 3, 3, 3, 0, 1, 2, 2, 3)), 7*t^5 + 5*t^4 + 11*t^3 + t^2 + 1, 16*X^8 + 4*X^7 + 4*X^6 + 1, ' ']
[46, 5, ((0, 2, 2, 2, 2, 3, 3, 3, 3), (3, 1, 1, 2, 3, 0, 1, 1, 3)), 4*t^5 + 10*t^4 + 10*t^3 + 1, 12*X^8 + 12*X^7 + 1, ' ']
[47, 5, ((0, 1, 1, 2, 2, 2, 2, 2, 3), (2, 0, 3, 2, 3, 3, 3, 3, 1)), t^6 + 6*t^5 + 6*t^4 + 8*t^3 + 3*t^2 + 1, 20*X^8 + 4*X^5 + 1, ' ']
