[((0, 0, 0, 0, 1, 1, 1, 1), (1, 1, 1, 1, 0, 0, 1, 1)), ((0, 0, 0, 0, 1, 1, 1, 1), (1, 1, 1, 1, 0, 0, 1, 1), (1, 1, 1, 1, 0, 1, 0, 1)), ((0, 0, 0, 0, 1, 1, 1, 1), (1, 1, 1, 1, 0, 0, 1, 1), (0, 0, 0, 1, 1, 1, 0, 1)), ((0, 0, 0, 0, 1, 1, 1, 1), (1, 1, 1, 1, 0, 0, 1, 1), (0, 0, 1, 1, 0, 1, 0, 1)), ((0, 0, 0, 0, 1, 1, 1, 1), (1, 1, 1, 1, 0, 0, 1, 1), (0, 0, 1, 1, 0, 1, 0, 1), (0, 1, 0, 1, 0, 1, 1, 0)), ((0, 0, 0, 0, 1, 1, 1, 1), (1, 1, 1, 1, 0, 0, 1, 1), (0, 0, 1, 1, 0, 1, 0, 1), (0, 1, 0, 0, 1, 1, 1, 0)), ((0, 0, 0, 0, 1, 1, 1, 1), (1, 1, 1, 1, 0, 0, 1, 1), (0, 0, 0, 1, 1, 1, 0, 1), (0, 1, 1, 1, 1, 1, 0, 1)), ((0, 0, 0, 0, 1, 1, 1, 1), (1, 1, 1, 1, 0, 0, 1, 1), (1, 1, 1, 1, 0, 1, 0, 1), (0, 0, 0, 1, 1, 1, 0, 1)), ((0, 0, 0, 0, 1, 1, 1, 1), (1, 1, 1, 1, 0, 0, 1, 1), (0, 0, 1, 1, 0, 1, 0, 1), (0, 1, 0, 1, 0, 1, 1, 0), (1, 1, 0, 1, 0, 0, 0, 1)), ((0, 0, 0, 0, 1, 1, 1, 1), (1, 1, 1, 1, 0, 0, 1, 1), (0, 0, 1, 1, 0, 1, 0, 1), (0, 1, 0, 0, 1, 1, 1, 0), (0, 1, 0, 0, 1, 0, 0, 0)), ((0, 0, 0, 0, 1, 1, 1, 1), (1, 1, 1, 1, 0, 0, 1, 1), (0, 0, 1, 1, 0, 1, 0, 1), (0, 1, 0, 1, 0, 1, 1, 0), (1, 1, 0, 1, 0, 0, 0, 1), (1, 1, 0, 1, 1, 0, 0, 0))]
[0, 2, ((0, 0, 0, 0, 1, 1, 1, 1), (1, 1, 1, 1, 0, 0, 1, 1)), 2*t^3 + t^2 + 1, 2*X^6 + X^4 + 1, 'FREE JOIN likely']
[1, 2, ((0, 0, 0, 0, 1, 1, 1, 1), (1, 1, 1, 1, 0, 0, 1, 1), (1, 1, 1, 1, 0, 1, 0, 1)), 4*t^3 + t^2 + 2*t + 1, 4*X^6 + X^4 + 2*X^2 + 1, '   ']
[2, 2, ((0, 0, 0, 0, 1, 1, 1, 1), (1, 1, 1, 1, 0, 0, 1, 1), (0, 0, 0, 1, 1, 1, 0, 1)), 3*t^3 + 3*t^2 + t + 1, 3*X^6 + 3*X^4 + X^2 + 1, 'FREE JOIN likely']
[3, 2, ((0, 0, 0, 0, 1, 1, 1, 1), (1, 1, 1, 1, 0, 0, 1, 1), (0, 0, 1, 1, 0, 1, 0, 1)), 2*t^3 + 5*t^2 + 1, 2*X^6 + 5*X^4 + 1, '   ']
[4, 2, ((0, 0, 0, 0, 1, 1, 1, 1), (1, 1, 1, 1, 0, 0, 1, 1), (0, 0, 1, 1, 0, 1, 0, 1), (0, 1, 0, 1, 0, 1, 1, 0)), 3*t^3 + 11*t^2 + t + 1, 3*X^6 + 11*X^4 + X^2 + 1, '   ']
[5, 2, ((0, 0, 0, 0, 1, 1, 1, 1), (1, 1, 1, 1, 0, 0, 1, 1), (0, 0, 1, 1, 0, 1, 0, 1), (0, 1, 0, 0, 1, 1, 1, 0)), 4*t^3 + 9*t^2 + 2*t + 1, 4*X^6 + 9*X^4 + 2*X^2 + 1, '   ']
[6, 2, ((0, 0, 0, 0, 1, 1, 1, 1), (1, 1, 1, 1, 0, 0, 1, 1), (0, 0, 0, 1, 1, 1, 0, 1), (0, 1, 1, 1, 1, 1, 0, 1)), 5*t^3 + 7*t^2 + 3*t + 1, 5*X^6 + 7*X^4 + 3*X^2 + 1, 'FREE JOIN likely']
[7, 2, ((0, 0, 0, 0, 1, 1, 1, 1), (1, 1, 1, 1, 0, 0, 1, 1), (1, 1, 1, 1, 0, 1, 0, 1), (0, 0, 0, 1, 1, 1, 0, 1)), 6*t^3 + 5*t^2 + 4*t + 1, 6*X^6 + 5*X^4 + 4*X^2 + 1, 'FREE JOIN likely']
[8, 2, ((0, 0, 0, 0, 1, 1, 1, 1), (1, 1, 1, 1, 0, 0, 1, 1), (0, 0, 1, 1, 0, 1, 0, 1), (0, 1, 0, 1, 0, 1, 1, 0), (1, 1, 0, 1, 0, 0, 0, 1)), 7*t^3 + 19*t^2 + 5*t + 1, 7*X^6 + 19*X^4 + 5*X^2 + 1, '   ']
[9, 2, ((0, 0, 0, 0, 1, 1, 1, 1), (1, 1, 1, 1, 0, 0, 1, 1), (0, 0, 1, 1, 0, 1, 0, 1), (0, 1, 0, 0, 1, 1, 1, 0), (0, 1, 0, 0, 1, 0, 0, 0)), 9*t^3 + 15*t^2 + 7*t + 1, 9*X^6 + 15*X^4 + 7*X^2 + 1, 'FREE JOIN likely']
[10, 2, ((0, 0, 0, 0, 1, 1, 1, 1), (1, 1, 1, 1, 0, 0, 1, 1), (0, 0, 1, 1, 0, 1, 0, 1), (0, 1, 0, 1, 0, 1, 1, 0), (1, 1, 0, 1, 0, 0, 0, 1), (1, 1, 0, 1, 1, 0, 0, 0)), 15*t^3 + 35*t^2 + 13*t + 1, 15*X^6 + 35*X^4 + 13*X^2 + 1, 'FREE JOIN likely']
