[((0, 1, 1, 1, 1, 1, 1), (1, 0, 0, 0, 1, 1, 1)), ((0, 0, 0, 0, 0, 1, 1), (1, 1, 1, 1, 1, 0, 1)), ((0, 0, 0, 0, 0, 1, 1), (1, 1, 1, 1, 1, 0, 1), (0, 0, 0, 0, 1, 0, 1)), ((0, 1, 1, 1, 1, 1, 1), (1, 0, 0, 0, 1, 1, 1), (1, 0, 0, 1, 0, 1, 1)), ((0, 1, 1, 1, 1, 1, 1), (1, 0, 0, 0, 1, 1, 1), (1, 0, 0, 1, 0, 0, 0)), ((0, 0, 0, 1, 1, 1, 1), (0, 1, 1, 0, 0, 1, 1), (1, 0, 1, 0, 1, 0, 1)), ((0, 1, 1, 1, 1, 1, 1), (1, 0, 0, 0, 1, 1, 1), (1, 0, 0, 1, 0, 1, 1), (1, 1, 1, 1, 1, 0, 1)), ((0, 1, 1, 1, 1, 1, 1), (1, 0, 0, 0, 1, 1, 1), (1, 0, 0, 1, 0, 1, 1), (0, 0, 1, 0, 0, 0, 1)), ((0, 1, 1, 1, 1, 1, 1), (1, 0, 0, 0, 1, 1, 1), (1, 0, 0, 1, 0, 1, 1), (0, 1, 1, 0, 0, 0, 0)), ((0, 1, 1, 1, 1, 1, 1), (1, 0, 0, 0, 1, 1, 1), (1, 0, 0, 1, 0, 0, 0), (1, 0, 1, 0, 0, 0, 0)), ((0, 1, 1, 1, 1, 1, 1), (1, 0, 0, 0, 1, 1, 1), (1, 0, 0, 1, 0, 1, 1), (0, 0, 1, 0, 0, 0, 1), (1, 1, 0, 1, 1, 0, 0)), ((0, 1, 1, 1, 1, 1, 1), (1, 0, 0, 0, 1, 1, 1), (1, 0, 0, 1, 0, 0, 0), (1, 0, 1, 0, 0, 0, 0), (0, 0, 0, 0, 0, 1, 1)),((0, 1, 1, 1, 1, 1, 1),
   (1, 0, 0, 0, 1, 1, 1),
   (1, 0, 0, 1, 0, 1, 1),
   (0, 0, 1, 0, 0, 0, 1),
   (1, 1, 0, 1, 1, 0, 0),
   (0, 0, 1, 1, 1, 1, 0))]
[2, ((0, 1, 1, 1, 1, 1, 1), (1, 0, 0, 0, 1, 1, 1)), t^3 + 2*t^2 + 1, X^6 + 2*X^4 + 1, '   ']
[2, ((0, 0, 0, 0, 0, 1, 1), (1, 1, 1, 1, 1, 0, 1)), 2*t^3 + t + 1, 2*X^6 + X^2 + 1, '   ']
[2, ((0, 0, 0, 0, 0, 1, 1), (1, 1, 1, 1, 1, 0, 1), (0, 0, 0, 0, 1, 0, 1)), 3*t^3 + t^2 + 3*t + 1, 3*X^6 + X^4 + 3*X^2 + 1, 'FREE JOIN likely']
[2, ((0, 1, 1, 1, 1, 1, 1), (1, 0, 0, 0, 1, 1, 1), (1, 0, 0, 1, 0, 1, 1)), t^3 + 5*t^2 + t + 1, X^6 + 5*X^4 + X^2 + 1, '   ']
[2, ((0, 1, 1, 1, 1, 1, 1), (1, 0, 0, 0, 1, 1, 1), (1, 0, 0, 1, 0, 0, 0)), 2*t^3 + 3*t^2 + 2*t + 1, 2*X^6 + 3*X^4 + 2*X^2 + 1, 'FREE JOIN likely']
[2, ((0, 0, 0, 1, 1, 1, 1), (0, 1, 1, 0, 0, 1, 1), (1, 0, 1, 0, 1, 0, 1)), 7*t^2 + 1, 7*X^4 + 1, '   ']
[2, ((0, 1, 1, 1, 1, 1, 1), (1, 0, 0, 0, 1, 1, 1), (1, 0, 0, 1, 0, 1, 1), (1, 1, 1, 1, 1, 0, 1)), 2*t^3 + 9*t^2 + 4*t + 1, 2*X^6 + 9*X^4 + 4*X^2 + 1, '   ']
[2, ((0, 1, 1, 1, 1, 1, 1), (1, 0, 0, 0, 1, 1, 1), (1, 0, 0, 1, 0, 1, 1), (0, 0, 1, 0, 0, 0, 1)), t^3 + 11*t^2 + 3*t + 1, X^6 + 11*X^4 + 3*X^2 + 1, '   ']
[2, ((0, 1, 1, 1, 1, 1, 1), (1, 0, 0, 0, 1, 1, 1), (1, 0, 0, 1, 0, 1, 1), (0, 1, 1, 0, 0, 0, 0)), 3*t^3 + 7*t^2 + 5*t + 1, 3*X^6 + 7*X^4 + 5*X^2 + 1, 'FREE JOIN likely']
[2, ((0, 1, 1, 1, 1, 1, 1), (1, 0, 0, 0, 1, 1, 1), (1, 0, 0, 1, 0, 0, 0), (1, 0, 1, 0, 0, 0, 0)), 4*t^3 + 5*t^2 + 6*t + 1, 4*X^6 + 5*X^4 + 6*X^2 + 1, '   ']
[2, ((0, 1, 1, 1, 1, 1, 1), (1, 0, 0, 0, 1, 1, 1), (1, 0, 0, 1, 0, 1, 1), (0, 0, 1, 0, 0, 0, 1), (1, 1, 0, 1, 1, 0, 0)), 3*t^3 + 19*t^2 + 9*t + 1, 3*X^6 + 19*X^4 + 9*X^2 + 1, 'FREE JOIN likely']
[2, ((0, 1, 1, 1, 1, 1, 1), (1, 0, 0, 0, 1, 1, 1), (1, 0, 0, 1, 0, 0, 0), (1, 0, 1, 0, 0, 0, 0), (0, 0, 0, 0, 0, 1, 1)), 5*t^3 + 15*t^2 + 11*t + 1, 5*X^6 + 15*X^4 + 11*X^2 + 1, 'FREE JOIN likely']
